0.0000000e+00 0.320628 0
2.0000000e-02 0.333231 0.108433
4.0000000e-02 0.345834 0.160737
6.0000000e-02 0.358437 0.202357
8.0000000e-02 0.37104 0.23827
1.0000000e-01 0.383642 0.270461
1.2000000e-01 0.396245 0.299965
1.4000000e-01 0.408848 0.327408
1.6000000e-01 0.421451 0.353202
1.8000000e-01 0.434054 0.377635
2.0000000e-01 0.446656 0.40092
2.2000000e-01 0.459259 0.423219
2.4000000e-01 0.471862 0.444656
2.6000000e-01 0.484465 0.465335
2.8000000e-01 0.497068 0.485337
3.0000000e-01 0.50967 0.50473
3.2000000e-01 0.522273 0.523572
3.4000000e-01 0.534876 0.541912
3.6000000e-01 0.547479 0.559791
3.8000000e-01 0.560082 0.577246
4.0000000e-01 0.572685 0.594308
4.2000000e-01 0.585287 0.611005
4.4000000e-01 0.59789 0.627362
4.6000000e-01 0.610493 0.643401
4.8000000e-01 0.623096 0.659141
5.0000000e-01 0.635699 0.6746
5.2000000e-01 0.648301 0.689794
5.4000000e-01 0.660904 0.704738
5.6000000e-01 0.673507 0.719444
5.8000000e-01 0.68611 0.733925
6.0000000e-01 0.698713 0.748192
6.2000000e-01 0.711315 0.762255
6.4000000e-01 0.723918 0.776123
6.6000000e-01 0.736521 0.789805
6.8000000e-01 0.749124 0.803309
7.0000000e-01 0.761727 0.816642
7.2000000e-01 0.774329 0.829812
7.4000000e-01 0.786932 0.842825
7.6000000e-01 0.799535 0.855686
7.8000000e-01 0.812138 0.868402
8.0000000e-01 0.824741 0.880978
8.2000000e-01 0.837343 0.893419
8.4000000e-01 0.849946 0.90573
8.6000000e-01 0.862549 0.917914
8.8000000e-01 0.875152 0.929976
9.0000000e-01 0.887755 0.941921
9.2000000e-01 0.900358 0.953752
9.4000000e-01 0.91296 0.965471
9.6000000e-01 0.925563 0.977084
9.8000000e-01 0.938166 0.988593
1.0000000e+00 0.950769 1
1.0200000e+00 0.963372 1.01131
1.0400000e+00 0.975974 1.02252
1.0600000e+00 0.988577 1.03364
1.0800000e+00 1.00118 1.04468
1.1000000e+00 1.01378 1.05562
1.1200000e+00 1.02639 1.06648
1.1400000e+00 1.03899 1.07725
1.1600000e+00 1.05159 1.08794
1.1800000e+00 1.06419 1.09855
1.2000000e+00 1.0768 1.10909
1.2200000e+00 1.0894 1.11955
1.2400000e+00 1.102 1.12994
1.2600000e+00 1.11461 1.14025
1.2800000e+00 1.12721 1.15049
1.3000000e+00 1.13981 1.16067
1.3200000e+00 1.15241 1.17077
1.3400000e+00 1.16502 1.18082
1.3600000e+00 1.17762 1.19079
1.3800000e+00 1.19022 1.20071
1.4000000e+00 1.20282 1.21056
1.4200000e+00 1.21543 1.22035
1.4400000e+00 1.22803 1.23008
1.4600000e+00 1.24063 1.23975
1.4800000e+00 1.25324 1.24937
1.5000000e+00 1.26584 1.25893
1.5200000e+00 1.27844 1.26843
1.5400000e+00 1.29104 1.27789
1.5600000e+00 1.30365 1.28728
1.5800000e+00 1.31625 1.29663
1.6000000e+00 1.32885 1.30593
1.6200000e+00 1.34146 1.31517
1.6400000e+00 1.35406 1.32437
1.6600000e+00 1.36666 1.33352
1.6800000e+00 1.37926 1.34262
1.7000000e+00 1.39187 1.35167
1.7200000e+00 1.40447 1.36068
1.7400000e+00 1.41707 1.36964
1.7600000e+00 1.42968 1.37856
1.7800000e+00 1.44228 1.38743
1.8000000e+00 1.45488 1.39627
1.8200000e+00 1.46748 1.40506
1.8400000e+00 1.48009 1.4138
1.8600000e+00 1.49269 1.42251
1.8800000e+00 1.50529 1.43118
1.9000000e+00 1.5179 1.4398
1.9200000e+00 1.5305 1.44839
1.9400000e+00 1.5431 1.45694
1.9600000e+00 1.5557 1.46545
1.9800000e+00 1.56831 1.47392
2.0000000e+00 1.58091 1.48236
2.0200000e+00 1.59351 1.49076
2.0400000e+00 1.60611 1.49912
2.0600000e+00 1.61872 1.50745
2.0800000e+00 1.63132 1.51575
2.1000000e+00 1.64392 1.52401
2.1200000e+00 1.65653 1.53223
2.1400000e+00 1.66913 1.54043
2.1600000e+00 1.68173 1.54858
2.1800000e+00 1.69433 1.55671
2.2000000e+00 1.70694 1.56481
2.2200000e+00 1.71954 1.57287
2.2400000e+00 1.73214 1.5809
2.2600000e+00 1.74475 1.5889
2.2800000e+00 1.75735 1.59687
2.3000000e+00 1.76995 1.60481
2.3200000e+00 1.78255 1.61272
2.3400000e+00 1.79516 1.6206
2.3600000e+00 1.80776 1.62845
2.3800000e+00 1.82036 1.63628
2.4000000e+00 1.83297 1.64407
2.4200000e+00 1.84557 1.65184
2.4400000e+00 1.85817 1.65958
2.4600000e+00 1.87077 1.66729
2.4800000e+00 1.88338 1.67497
2.5000000e+00 1.89598 1.68263
2.5200000e+00 1.90858 1.69026
2.5400000e+00 1.92118 1.69787
2.5600000e+00 1.93379 1.70545
2.5800000e+00 1.94639 1.713
2.6000000e+00 1.95899 1.72053
2.6200000e+00 1.9716 1.72803
2.6400000e+00 1.9842 1.73551
2.6600000e+00 1.9968 1.74296
2.6800000e+00 2.0094 1.75039
2.7000000e+00 2.02201 1.7578
2.7200000e+00 2.03461 1.76518
2.7400000e+00 2.04721 1.77254
2.7600000e+00 2.05982 1.77988
2.7800000e+00 2.07242 1.78719
2.8000000e+00 2.08502 1.79448
2.8200000e+00 2.09762 1.80175
2.8400000e+00 2.11023 1.809
2.8600000e+00 2.12283 1.81622
2.8800000e+00 2.13543 1.82342
2.9000000e+00 2.14804 1.8306
2.9200000e+00 2.16064 1.83776
2.9400000e+00 2.17324 1.8449
2.9600000e+00 2.18584 1.85202
2.9800000e+00 2.19845 1.85911
3.0000000e+00 2.21105 1.86619
3.0200000e+00 2.22365 1.87324
3.0400000e+00 2.23626 1.88028
3.0600000e+00 2.24886 1.88729
3.0800000e+00 2.26146 1.89429
3.1000000e+00 2.27406 1.90126
3.1200000e+00 2.28667 1.90822
3.1400000e+00 2.29927 1.91516
3.1600000e+00 2.31187 1.92207
3.1800000e+00 2.32447 1.92897
3.2000000e+00 2.33708 1.93585
3.2200000e+00 2.34968 1.94272
3.2400000e+00 2.36228 1.94956
3.2600000e+00 2.37489 1.95638
3.2800000e+00 2.38749 1.96319
3.3000000e+00 2.40009 1.96998
3.3200000e+00 2.41269 1.97675
3.3400000e+00 2.4253 1.98351
3.3600000e+00 2.4379 1.99024
3.3800000e+00 2.4505 1.99696
3.4000000e+00 2.46311 2.00366
3.4200000e+00 2.47571 2.01035
3.4400000e+00 2.48831 2.01702
3.4600000e+00 2.50091 2.02367
3.4800000e+00 2.51352 2.0303
3.5000000e+00 2.52612 2.03692
