    0.000000 8.8019e+03 1.0000e+00
    0.001200 8.7736e+03 9.9679e-01
    0.002400 8.6900e+03 9.8728e-01
    0.003600 8.5548e+03 9.7192e-01
    0.004800 8.3739e+03 9.5137e-01
    0.006000 8.1543e+03 9.2642e-01
    0.007200 7.9033e+03 8.9790e-01
    0.008400 7.6284e+03 8.6667e-01
    0.009600 7.3365e+03 8.3350e-01
    0.010800 7.0337e+03 7.9911e-01
    0.012000 6.7258e+03 7.6412e-01
    0.013200 6.4174e+03 7.2909e-01
    0.014400 6.1128e+03 6.9449e-01
    0.015600 5.8156e+03 6.6072e-01
    0.016800 5.5287e+03 6.2812e-01
    0.018000 5.2544e+03 5.9696e-01
    0.019200 4.9942e+03 5.6740e-01
    0.020400 4.7494e+03 5.3958e-01
    0.021600 4.5202e+03 5.1355e-01
    0.022800 4.3067e+03 4.8929e-01
    0.024000 4.1086e+03 4.6678e-01
    0.025200 3.9251e+03 4.4593e-01
    0.026400 3.7555e+03 4.2666e-01
    0.027600 3.5988e+03 4.0887e-01
    0.028800 3.4543e+03 3.9245e-01
    0.030000 3.3209e+03 3.7729e-01
    0.031200 3.1976e+03 3.6329e-01
    0.033600 2.9775e+03 3.3828e-01
    0.034800 2.8788e+03 3.2706e-01
    0.036000 2.7864e+03 3.1656e-01
    0.038400 2.6173e+03 2.9736e-01
    0.039600 2.5395e+03 2.8851e-01
    0.042000 2.3949e+03 2.7209e-01
    0.043200 2.3276e+03 2.6444e-01
    0.045600 2.2023e+03 2.5021e-01
    0.048000 2.0888e+03 2.3731e-01
    0.050400 1.9868e+03 2.2572e-01
    0.052800 1.8957e+03 2.1537e-01
    0.055200 1.8151e+03 2.0622e-01
    0.057600 1.7446e+03 1.9821e-01
    0.060000 1.6836e+03 1.9127e-01
    0.062400 1.6312e+03 1.8532e-01
    0.066000 1.5666e+03 1.7799e-01
    0.069600 1.5158e+03 1.7221e-01
    0.072000 1.4880e+03 1.6905e-01
    0.075600 1.4532e+03 1.6510e-01
    0.079200 1.4236e+03 1.6174e-01
    0.082800 1.3960e+03 1.5860e-01
    0.086400 1.3680e+03 1.5542e-01
    0.091200 1.3282e+03 1.5089e-01
    0.094800 1.2952e+03 1.4715e-01
    0.099600 1.2460e+03 1.4156e-01
    0.104400 1.1945e+03 1.3571e-01
    0.109200 1.1505e+03 1.3071e-01
    0.114000 1.1217e+03 1.2744e-01
    0.120000 1.1025e+03 1.2526e-01
    0.126000 1.0822e+03 1.2295e-01
    0.132000 1.0452e+03 1.1875e-01
    0.138000 9.9001e+02 1.1248e-01
    0.144000 9.1968e+02 1.0449e-01
    0.151200 8.5835e+02 9.7519e-02
    0.158400 8.6261e+02 9.8002e-02
    0.165600 9.2589e+02 1.0519e-01
    0.174000 1.0232e+03 1.1625e-01
    0.181200 1.0770e+03 1.2236e-01
    0.189600 1.0820e+03 1.2293e-01
    0.199200 1.0021e+03 1.1385e-01
    0.208800 8.5307e+02 9.6918e-02
    0.218400 7.1379e+02 8.1095e-02
    0.229200 6.3065e+02 7.1649e-02
    0.240000 6.8231e+02 7.7518e-02
    0.250800 7.7133e+02 8.7632e-02
    0.262800 7.8020e+02 8.8640e-02
    0.274800 6.9349e+02 7.8789e-02
    0.288000 5.5189e+02 6.2701e-02
    0.301200 5.3356e+02 6.0618e-02
    0.315600 5.2604e+02 5.9764e-02
    0.330000 4.3121e+02 4.8991e-02
    0.345600 4.1351e+02 4.6980e-02
    0.362400 5.0540e+02 5.7420e-02
    0.379200 6.5056e+02 7.3911e-02
    0.397200 4.0526e+02 4.6042e-02
    0.416400 1.9102e+02 2.1702e-02
    0.435600 1.7402e+02 1.9771e-02
    0.456000 1.7224e+02 1.9569e-02
    0.477600 2.4457e+02 2.7786e-02
    0.500400 1.2988e+02 1.4755e-02
    0.524400 -1.0537e+02 -1.1971e-02
    0.548400 -1.4709e+02 -1.6711e-02
    0.574800 -1.9748e+01 -2.2435e-03
    0.601200 2.0183e+02 2.2930e-02
    0.630000 1.1581e+02 1.3157e-02
    0.660000 -2.1488e+02 -2.4413e-02
    0.690000 -2.5472e+02 -2.8940e-02
    0.723600 -1.4485e+02 -1.6457e-02
    0.757200 3.6235e+01 4.1167e-03
    0.793200 -5.3820e+01 -6.1146e-03
    0.830400 -1.9438e+01 -2.2084e-03
    0.868800 -1.1864e+02 -1.3479e-02
    0.910800 -3.4533e+02 -3.9234e-02
    0.952800 1.6392e+02 1.8623e-02
    0.998400 5.9031e+00 6.7066e-04
    1.045200 -4.1834e+02 -4.7529e-02
    1.094400 -4.5041e+02 -5.1171e-02
    1.146000 -2.8535e+02 -3.2419e-02
    1.200000 -1.5590e+02 -1.7712e-02
    1.256400 3.5970e+02 4.0866e-02
    1.315200 4.0848e+02 4.6408e-02
    1.377600 7.3178e+01 8.3139e-03
    1.442400 -1.2277e+02 -1.3948e-02
    1.510800 -4.1115e+01 -4.6712e-03
    1.581600 1.5280e+02 1.7360e-02
    1.656000 3.0128e+02 3.4229e-02
    1.734000 1.7578e+02 1.9971e-02
    1.816800 1.5193e+02 1.7261e-02
    1.902000 4.0370e+00 4.5865e-04
    1.992000 1.8315e+02 2.0808e-02
    2.085600 1.9561e+02 2.2223e-02
    2.184000 -1.1673e+02 -1.3262e-02
    2.286000 -1.2341e+02 -1.4021e-02
    2.394000 -2.9064e+01 -3.3020e-03
    2.506800 2.7428e+02 3.1162e-02
    2.625600 5.8323e+01 6.6261e-03
    2.749200 -1.7965e+02 -2.0410e-02
    2.878800 1.8688e+02 2.1232e-02
    3.014400 5.7416e+01 6.5231e-03
    3.156000 -4.7509e+00 -5.3975e-04
    3.304800 -2.8896e+02 -3.2829e-02
    3.460800 -2.5233e+01 -2.8668e-03
    3.624000 -3.2792e+02 -3.7255e-02
    3.794400 -3.3257e+01 -3.7783e-03
    3.973200 -4.8496e+02 -5.5097e-02
    4.160400 2.3957e+02 2.7218e-02
    4.357200 1.6747e+02 1.9027e-02
    4.562400 1.2709e+02 1.4439e-02
    4.777200 3.1447e+01 3.5727e-03
    5.002800 2.7590e+02 3.1345e-02
    5.238000 1.3115e+01 1.4900e-03
    5.485200 8.6587e+01 9.8373e-03
    5.743200 -1.6872e+02 -1.9169e-02
    6.014400 -4.6020e+01 -5.2283e-03
    6.297600 -1.1540e+02 -1.3111e-02
    6.594000 1.7895e+01 2.0331e-03
    6.904800 -2.1350e+02 -2.4256e-02
    7.231200 1.9666e+02 2.2342e-02
    7.572000 -2.0778e+02 -2.3606e-02
    7.928400 1.3621e+02 1.5476e-02
    8.301600 -5.2505e+01 -5.9651e-03
    8.692800 -2.2715e+02 -2.5807e-02
    9.103200 6.5444e+01 7.4352e-03
    9.531600 3.1166e+02 3.5408e-02
    9.981600 8.5180e+01 9.6774e-03
   10.452000 -1.8435e+02 -2.0944e-02
   10.944000 -1.3275e+02 -1.5082e-02
   11.460000 -1.2537e+02 -1.4244e-02
   12.000000 7.0905e+01 8.0557e-03
   12.565200 -1.4825e+02 -1.6843e-02
   13.158000 -2.4473e+02 -2.7804e-02
   13.778400 2.0644e+02 2.3454e-02
   14.427600 5.3960e+02 6.1304e-02
   15.106800 -3.9747e+02 -4.5157e-02
   15.819600 -5.5378e+02 -6.2915e-02
