    0.000000 8.0099e+03 1.0000e+00
    0.004000 8.0067e+03 9.9961e-01
    0.008000 7.9970e+03 9.9839e-01
    0.012000 7.9807e+03 9.9637e-01
    0.016000 7.9581e+03 9.9354e-01
    0.020000 7.9292e+03 9.8993e-01
    0.024000 7.8941e+03 9.8555e-01
    0.028000 7.8532e+03 9.8044e-01
    0.032000 7.8065e+03 9.7461e-01
    0.036000 7.7544e+03 9.6811e-01
    0.040000 7.6972e+03 9.6096e-01
    0.044000 7.6350e+03 9.5320e-01
    0.048000 7.5683e+03 9.4487e-01
    0.052000 7.4972e+03 9.3600e-01
    0.056000 7.4221e+03 9.2663e-01
    0.060000 7.3434e+03 9.1679e-01
    0.064000 7.2612e+03 9.0654e-01
    0.068000 7.1760e+03 8.9590e-01
    0.072000 7.0880e+03 8.8491e-01
    0.076000 6.9974e+03 8.7360e-01
    0.080000 6.9046e+03 8.6202e-01
    0.084000 6.8099e+03 8.5019e-01
    0.088000 6.7134e+03 8.3815e-01
    0.092000 6.6155e+03 8.2592e-01
    0.096000 6.5164e+03 8.1355e-01
    0.100000 6.4163e+03 8.0105e-01
    0.104000 6.3154e+03 7.8846e-01
    0.112000 6.1122e+03 7.6309e-01
    0.116000 6.0103e+03 7.5036e-01
    0.120000 5.9084e+03 7.3764e-01
    0.128000 5.7053e+03 7.1228e-01
    0.132000 5.6045e+03 6.9970e-01
    0.140000 5.4050e+03 6.7479e-01
    0.144000 5.3066e+03 6.6251e-01
    0.152000 5.1132e+03 6.3837e-01
    0.160000 4.9251e+03 6.1488e-01
    0.168000 4.7429e+03 5.9213e-01
    0.176000 4.5674e+03 5.7022e-01
    0.184000 4.3990e+03 5.4920e-01
    0.192000 4.2380e+03 5.2910e-01
    0.200000 4.0848e+03 5.0997e-01
    0.208000 3.9392e+03 4.9180e-01
    0.220000 3.7354e+03 4.6635e-01
    0.232000 3.5484e+03 4.4301e-01
    0.240000 3.4327e+03 4.2856e-01
    0.252000 3.2719e+03 4.0848e-01
    0.264000 3.1252e+03 3.9017e-01
    0.276000 2.9915e+03 3.7347e-01
    0.288000 2.8693e+03 3.5822e-01
    0.304000 2.7223e+03 3.3987e-01
    0.316000 2.6223e+03 3.2738e-01
    0.332000 2.5005e+03 3.1218e-01
    0.348000 2.3898e+03 2.9836e-01
    0.364000 2.2880e+03 2.8565e-01
    0.380000 2.1935e+03 2.7385e-01
    0.400000 2.0832e+03 2.6009e-01
    0.420000 1.9795e+03 2.4713e-01
    0.440000 1.8799e+03 2.3469e-01
    0.460000 1.7827e+03 2.2257e-01
    0.480000 1.6872e+03 2.1064e-01
    0.504000 1.5748e+03 1.9661e-01
    0.528000 1.4661e+03 1.8304e-01
    0.552000 1.3633e+03 1.7020e-01
    0.580000 1.2540e+03 1.5656e-01
    0.604000 1.1722e+03 1.4634e-01
    0.632000 1.0925e+03 1.3640e-01
    0.664000 1.0224e+03 1.2765e-01
    0.696000 9.6999e+02 1.2110e-01
    0.728000 9.2628e+02 1.1564e-01
    0.764000 8.7577e+02 1.0934e-01
    0.800000 8.1675e+02 1.0197e-01
    0.836000 7.5104e+02 9.3764e-02
    0.876000 6.7925e+02 8.4802e-02
    0.916000 6.1755e+02 7.7099e-02
    0.960000 5.6326e+02 7.0321e-02
    1.004000 5.1640e+02 6.4471e-02
    1.052000 4.6847e+02 5.8487e-02
    1.100000 4.2720e+02 5.3335e-02
    1.152000 3.9292e+02 4.9055e-02
    1.208000 3.6127e+02 4.5103e-02
    1.264000 3.1617e+02 3.9472e-02
    1.324000 2.4550e+02 3.0649e-02
    1.388000 1.7994e+02 2.2464e-02
    1.452000 1.5836e+02 1.9771e-02
    1.520000 1.7636e+02 2.2018e-02
    1.592000 2.2148e+02 2.7651e-02
    1.668000 2.7473e+02 3.4299e-02
    1.748000 2.7561e+02 3.4409e-02
    1.828000 1.6225e+02 2.0257e-02
    1.916000 -5.0509e+00 -6.3058e-04
    2.004000 -9.9272e+01 -1.2394e-02
    2.100000 -9.2333e+01 -1.1527e-02
    2.200000 -1.1690e+02 -1.4595e-02
    2.300000 -2.5234e+02 -3.1504e-02
    2.412000 -3.0397e+02 -3.7950e-02
    2.524000 -2.3715e+02 -2.9607e-02
    2.644000 -1.5289e+02 -1.9088e-02
    2.768000 9.9808e+00 1.2461e-03
    2.896000 1.2911e+02 1.6119e-02
    3.036000 2.2338e+02 2.7888e-02
    3.176000 1.8565e+02 2.3177e-02
    3.328000 -3.9124e+01 -4.8845e-03
    3.484000 -7.0520e+01 -8.8042e-03
    3.648000 -1.6183e+01 -2.0204e-03
    3.820000 -7.1704e+01 -8.9520e-03
    4.000000 -8.3054e+01 -1.0369e-02
    4.188000 -1.7234e+02 -2.1515e-02
    4.384000 -4.5934e+02 -5.7347e-02
    4.592000 -7.0643e+02 -8.8195e-02
    4.808000 -7.0859e+02 -8.8465e-02
    5.036000 -7.2359e+02 -9.0338e-02
    5.272000 -6.2735e+02 -7.8322e-02
    5.520000 -8.0077e+02 -9.9973e-02
    5.780000 -5.8159e+02 -7.2609e-02
    6.056000 -1.2470e+02 -1.5568e-02
    6.340000 2.0144e+01 2.5149e-03
    6.640000 -2.3692e+02 -2.9579e-02
    6.952000 -2.2065e+02 -2.7547e-02
    7.280000 1.5654e+02 1.9543e-02
    7.620000 6.8328e+02 8.5305e-02
    7.980000 3.7194e+02 4.6435e-02
    8.356000 1.2999e+02 1.6229e-02
    8.752000 8.3380e+01 1.0410e-02
    9.164000 5.0551e+02 6.3111e-02
    9.596000 2.9924e+02 3.7359e-02
   10.048000 9.2392e+01 1.1535e-02
   10.520000 3.5708e+02 4.4580e-02
   11.016000 3.8120e+02 4.7592e-02
   11.536000 -9.4458e+01 -1.1793e-02
   12.080000 -1.7910e+02 -2.2360e-02
   12.648000 -3.1614e+01 -3.9469e-03
   13.244000 -3.0534e+02 -3.8121e-02
   13.868000 -2.0835e+02 -2.6012e-02
   14.524000 -3.5736e+02 -4.4616e-02
   15.208000 -9.5576e+01 -1.1932e-02
   15.924000 1.4657e+01 1.8298e-03
   16.676000 -1.5599e+02 -1.9475e-02
   17.460000 -3.4110e+02 -4.2586e-02
   18.284000 -3.4116e+02 -4.2592e-02
   19.144000 -9.7571e+01 -1.2181e-02
   20.048000 -1.0462e+02 -1.3062e-02
   20.992000 4.6753e+01 5.8369e-03
   21.980000 -6.1475e+01 -7.6749e-03
   23.016000 2.4731e+02 3.0876e-02
   24.104000 -2.1367e+02 -2.6676e-02
   25.240000 -3.6571e+02 -4.5658e-02
   26.428000 -3.7017e+02 -4.6214e-02
   27.672000 1.2454e+02 1.5548e-02
   28.976000 -3.4173e+02 -4.2663e-02
   30.344000 -3.8183e+02 -4.7670e-02
   31.772000 6.6892e+01 8.3512e-03
   33.272000 -2.2000e+02 -2.7467e-02
   34.840000 2.0856e+02 2.6038e-02
   36.480000 -4.6529e+02 -5.8090e-02
   38.200000 7.2219e+02 9.0163e-02
   40.000000 -1.3152e+03 -1.6419e-01
   41.884000 5.0448e+02 6.2983e-02
   43.860000 1.2095e+02 1.5101e-02
   45.928000 1.7619e+02 2.1997e-02
   48.092000 2.9522e+01 3.6857e-03
   50.356000 -1.9273e+01 -2.4062e-03
   52.732000 4.0012e+02 4.9953e-02
   55.216000 -2.7595e+02 -3.4452e-02
   57.816000 7.5762e+01 9.4586e-03
   60.544000 5.5575e+02 6.9383e-02
   63.396000 -3.1972e+02 -3.9916e-02
   66.384000 1.6801e+02 2.0975e-02
   69.512000 3.2757e+01 4.0896e-03
   72.788000 2.0716e+02 2.5863e-02
   76.220000 -2.3552e+01 -2.9404e-03
   79.812000 -6.6883e+01 -8.3501e-03
   83.572000 -7.0162e+01 -8.7595e-03
   87.512000 4.6493e+02 5.8044e-02
   91.636000 2.1863e+02 2.7295e-02
   95.952000 -1.8419e+02 -2.2995e-02
  100.476000 3.3374e+02 4.1666e-02
  105.212000 2.7033e+02 3.3750e-02
  110.168000 -1.6273e+02 -2.0317e-02
  115.360000 6.8254e+02 8.5212e-02
  120.800000 6.2837e+02 7.8449e-02
  126.492000 9.6010e+02 1.1987e-01
  132.452000 2.4738e+00 3.0884e-04
  138.696000 -6.1202e+02 -7.6408e-02
  145.232000 5.2280e+01 6.5270e-03
  152.076000 -3.8230e+02 -4.7729e-02
  159.244000 -6.7627e+02 -8.4429e-02
  166.748000 2.3406e+02 2.9222e-02
  174.608000 -4.1997e+02 -5.2431e-02
  182.836000 -1.6735e+02 -2.0893e-02
  191.452000 -2.0538e+03 -2.5640e-01
  200.000000 -8.6210e+00 -1.0763e-03
