    0.000000 7.4548e+03 1.0000e+00
    0.000400 7.4290e+03 9.9653e-01
    0.000800 7.3526e+03 9.8628e-01
    0.001200 7.2292e+03 9.6973e-01
    0.001600 7.0644e+03 9.4762e-01
    0.002000 6.8646e+03 9.2083e-01
    0.002400 6.6369e+03 8.9028e-01
    0.002800 6.3880e+03 8.5690e-01
    0.003200 6.1243e+03 8.2152e-01
    0.003600 5.8514e+03 7.8491e-01
    0.004000 5.5744e+03 7.4776e-01
    0.004400 5.2977e+03 7.1063e-01
    0.004800 5.0249e+03 6.7405e-01
    0.005200 4.7593e+03 6.3841e-01
    0.005600 4.5032e+03 6.0407e-01
    0.006000 4.2587e+03 5.7127e-01
    0.006400 4.0271e+03 5.4020e-01
    0.006800 3.8090e+03 5.1094e-01
    0.007200 3.6048e+03 4.8355e-01
    0.007600 3.4143e+03 4.5800e-01
    0.008000 3.2371e+03 4.3423e-01
    0.008400 3.0728e+03 4.1218e-01
    0.008800 2.9204e+03 3.9174e-01
    0.009200 2.7792e+03 3.7281e-01
    0.009600 2.6485e+03 3.5528e-01
    0.010000 2.5274e+03 3.3903e-01
    0.010400 2.4151e+03 3.2396e-01
    0.011200 2.2140e+03 2.9698e-01
    0.011600 2.1238e+03 2.8489e-01
    0.012000 2.0399e+03 2.7363e-01
    0.012800 1.8887e+03 2.5336e-01
    0.013200 1.8208e+03 2.4425e-01
    0.014000 1.6988e+03 2.2787e-01
    0.014400 1.6440e+03 2.2053e-01
    0.015200 1.5454e+03 2.0731e-01
    0.016000 1.4588e+03 1.9568e-01
    0.016800 1.3809e+03 1.8524e-01
    0.017600 1.3094e+03 1.7564e-01
    0.018400 1.2424e+03 1.6666e-01
    0.019200 1.1792e+03 1.5818e-01
    0.020000 1.1199e+03 1.5023e-01
    0.020800 1.0654e+03 1.4291e-01
    0.022000 9.9522e+02 1.3350e-01
    0.023200 9.4091e+02 1.2622e-01
    0.024000 9.1227e+02 1.2237e-01
    0.025200 8.7565e+02 1.1746e-01
    0.026400 8.4053e+02 1.1275e-01
    0.027600 8.0361e+02 1.0780e-01
    0.028800 7.6558e+02 1.0270e-01
    0.030400 7.1674e+02 9.6144e-02
    0.031600 6.8415e+02 9.1773e-02
    0.033200 6.4792e+02 8.6912e-02
    0.034800 6.1628e+02 8.2669e-02
    0.036400 5.8330e+02 7.8244e-02
    0.038000 5.4647e+02 7.3304e-02
    0.040000 4.9806e+02 6.6810e-02
    0.042000 4.5453e+02 6.0971e-02
    0.044000 4.2354e+02 5.6814e-02
    0.046000 4.0029e+02 5.3695e-02
    0.048000 3.7737e+02 5.0620e-02
    0.050400 3.5394e+02 4.7478e-02
    0.052800 3.3781e+02 4.5315e-02
    0.055200 3.3066e+02 4.4355e-02
    0.058000 3.3174e+02 4.4500e-02
    0.060400 3.3247e+02 4.4597e-02
    0.063200 3.3931e+02 4.5515e-02
    0.066400 3.7645e+02 5.0497e-02
    0.069600 4.3244e+02 5.8008e-02
    0.072800 4.5786e+02 6.1418e-02
    0.076400 4.1104e+02 5.5137e-02
    0.080000 2.9143e+02 3.9093e-02
    0.083600 1.7562e+02 2.3558e-02
    0.087600 5.1686e+01 6.9332e-03
    0.091600 5.0123e+01 6.7236e-03
    0.096000 1.8774e+02 2.5184e-02
    0.100400 3.2514e+02 4.3614e-02
    0.105200 4.1635e+02 5.5850e-02
    0.110000 4.6839e+02 6.2830e-02
    0.115200 5.2527e+02 7.0460e-02
    0.120800 5.7750e+02 7.7466e-02
    0.126400 5.6027e+02 7.5156e-02
    0.132400 3.5923e+02 4.8188e-02
    0.138800 3.4002e+02 4.5611e-02
    0.145200 3.7459e+02 5.0248e-02
    0.152000 4.3607e+02 5.8495e-02
    0.159200 3.7865e+02 5.0792e-02
    0.166800 1.3289e+02 1.7827e-02
    0.174800 2.9924e+01 4.0141e-03
    0.182800 1.8833e+00 2.5263e-04
    0.191600 -9.8928e+01 -1.3270e-02
    0.200400 -2.4342e+01 -3.2653e-03
    0.210000 9.2286e-01 1.2379e-04
    0.220000 1.7833e+02 2.3921e-02
    0.230000 1.3132e+02 1.7615e-02
    0.241200 -8.0299e+01 -1.0771e-02
    0.252400 1.8668e+02 2.5041e-02
    0.264400 3.0601e+02 4.1048e-02
    0.276800 8.5158e+01 1.1423e-02
    0.289600 3.3851e+02 4.5408e-02
    0.303600 3.8710e+02 5.1926e-02
    0.317600 3.2619e+02 4.3755e-02
    0.332800 1.9379e+02 2.5996e-02
    0.348400 1.3098e+02 1.7570e-02
    0.364800 1.7315e+02 2.3227e-02
    0.382000 1.3560e+02 1.8190e-02
    0.400000 -4.6934e+01 -6.2957e-03
    0.418800 2.3760e+02 3.1872e-02
    0.438400 -1.8714e+02 -2.5103e-02
    0.459200 -4.2523e+01 -5.7041e-03
    0.480800 -1.4769e+02 -1.9811e-02
    0.503600 -3.2588e+01 -4.3714e-03
    0.527200 -3.6284e+01 -4.8671e-03
    0.552000 -2.3524e+01 -3.1555e-03
    0.578000 3.3613e+02 4.5088e-02
    0.605600 1.3485e+02 1.8089e-02
    0.634000 1.3975e+02 1.8746e-02
    0.664000 -3.0416e+02 -4.0800e-02
    0.695200 1.4230e+02 1.9088e-02
    0.728000 -2.2592e+01 -3.0305e-03
    0.762000 -1.5916e+02 -2.1350e-02
    0.798000 2.8452e+02 3.8165e-02
    0.835600 1.1221e+02 1.5052e-02
    0.875200 -1.1206e+02 -1.5032e-02
    0.916400 -2.2073e+02 -2.9609e-02
    0.959600 6.6613e+01 8.9356e-03
    1.004800 -1.7121e+02 -2.2967e-02
    1.052000 -3.2925e+02 -4.4166e-02
    1.101600 -4.1680e+02 -5.5910e-02
    1.153600 -1.5044e+02 -2.0180e-02
    1.208000 -1.0240e+02 -1.3736e-02
    1.264800 -2.6647e+02 -3.5745e-02
    1.324400 -3.2111e+00 -4.3075e-04
    1.386800 1.9594e+01 2.6284e-03
    1.452400 -1.5181e+02 -2.0364e-02
    1.520800 -2.7936e+01 -3.7474e-03
    1.592400 5.8174e+01 7.8036e-03
    1.667600 -6.5455e+01 -8.7802e-03
    1.746000 -1.0799e+02 -1.4486e-02
    1.828400 -1.8847e+02 -2.5282e-02
    1.914400 -3.5573e+02 -4.7718e-02
    2.004800 1.5791e+01 2.1182e-03
    2.099200 -1.4202e+02 -1.9051e-02
    2.198000 8.1520e+01 1.0935e-02
    2.301600 -6.3211e+01 -8.4792e-03
    2.410400 -4.6716e+01 -6.2665e-03
